249
155
162
155
164
155
132
155
112
155
166
186
142
155
248
155
162
155
179
155
174
155
135
155
136
155
135
124
218
186
161
124
139
155
96
155
117
155
133
155
164
186
103
155
224
155
167
155
171
155
161
155
145
124
201
124
172
155
166
186
155
155
147
186
96
155
173
124
170
124
165
186
147
155
132
155
105
155
161
155
191
155
124
155
140
186
145
186
177
186
130
124
154
155
130
124
175
155
154
155
179
155
137
218
161
124
116
155
197
155
146
124
150
155
151
155
162
155
175
155
130
155
256
155
214
155
130
155
131
124
136
155
165
155
111
124
189
155
141
155
114
155
123
155
121
186
145
155
229
155
161
155
214
155
159
155
182
155
151
155
168
186
130
155
160
124
154
186
168
186
87
124
205
155
147
186
116
124
190
155
135
155
187
155
195
155
145
155
201
155
158
124
149
155
135
155
161
186
161
155
154
155
147
124
179
155
185
155
171
186
109
124
141
155
221
155
119
155
168
124
150
124
105
155
105
155
133
124
164
155
221
186
114
155
148
186
177
155
165
155
199
218
179
186
151
155
133
124
140
155
204
155
178
155
81
155
161
155
169
155
181
124
136
155
138
155
131
186
131
186
204
124
177
155
159
155
183
155
147
186
150
155
147
124
144
93
95
186
179
186
140
155
204
155
187
124
151
155
166
155
175
155
161
93
113
218
130
155
200
186
204
124
152
155
180
155
191
155
189
155
163
155
175
155
180
186
147
124
187
155
203
124
180
155
99
186
176
155
167
186
205
155
126
155
139
218
137
124
105
155
188
155
126
186
129
155
149
155
150
155
175
155
193
155
140
218
150
186
189
155
144
155
166
155
156
155
177
155
166
155
167
155
114
155
165
186
209
155
226
124
174
155
219
155
144
124
167
124
137
186
117
93
155
186
180
155
190
155
165
155
206
155
186
155
162
155
206
155
199
186
186
155
131
155
168
186
253
186
98
155
134
186
150
155
144
124
168
124
170
155
119
155
170
155
133
155
134
155
179
155
164
155
103
155
125
218
120
186
195
124
162
155
149
155
147
155
131
155
135
186
107
155
91
155
166
155
113
155
127
93
171
186
122
124
202
124
126
124
175
155
123
155
200
155
186
155
151
155
129
155
162
186
80
186
173
155
193
155
201
155
143
93
119
155
144
155
156
155
116
155
196
93
153
186
159
218
175
124
105
124
159
155
165
155
145
155
140
155
168
155
158
155
114
155
143
155
182
124
143
155
189
155
202
155
147
124
168
155
208
155
141
155
150
155
184
155
105
155
159
155
162
155
169
186
174
155
140
155
172
124
193
124
168
124
192
124
177
155
142
155
194
155
83
155
152
155
152
155
161
155
201
155
207
155
172
155
218
186
196
186
182
155
179
155
163
186
150
155
116
155
172
155
172
186
179
186
189
186
107
155
170
155
87
155
128
155
169
155
114
186
150
155
184
155
163
186
141
155
162
155
163
155
165
124
168
155
114
155
129
155
165
124
163
124
178
155
169
186
172
155
133
124
176
155
213
93
156
124
120
186
199
155
136
155
137
155
186
186
125
155
158
124
151
155
128
186
123
155
152
155
134
155
194
155
145
186
116
155
156
155
152
93
189
186
173
155
179
124
123
186
146
155
187
124
232
155
162
155
133
155
138
155
147
124
150
155
122
155
164
186
124
124
167
93
194
186
130
155
159
155
152
186
219
155
144
155
205
155
147
155
200
155
135
155
118
186
120
124
116
124
95
155
139
124
136
155
164
155
148
155
160
124
134
155
137
93
178
155
140
124
172
155
165
124
126
218
149
155
140
186
177
186
186
155
195
155
165
155
155
155
136
124
166
186
100
93
155
155
175
186
145
155
184
155
180
155
142
186
149
155
186
155
147
155
242
93
149
155
138
155
158
186
155
155
139
155
157
155
153
155
210
155
140
155
178
124
140
124
180
155
167
186
209
155
140
124
138
155
109
155
123
186
156
155
127
155
178
155
212
155
149
155
179
155
191
155
174
155
171
155
166
124
154
155
164
155
177
218
158
155
139
155
187
186
214
155
84
155
186
124
141
124
153
155
123
155
120
186
137
155
123
155
133
155
155
155
144
155
158
155
157
155
154
124
150
155
159
186
171
155
182
155
156
155
134
155
165
155
187
155
126
124
113
186
151
155
157
155
124
155
152
124
193
155
192
124
145
155
126
155
124
155
153
155
168
186
146
155
134
186
169
186
151
155
142
155
169
124
153
155
154
155
140
155
193
155
196
155
139
155
126
124
138
155
182
155
154
155
148
155
102
155
124
155
117
186
178
186
90
93
115
155
156
155
110
155
115
186
175
155
151
186
186
155
155
186
183
155
195
155
186
155
119
155
179
155
164
155
150
124
174
124
192
155
188
124
151
155
204
124
125
155
158
155
116
155
152
93
186
155
165
155
174
155
173
155
125
155
148
155
186
155
86
155
205
155
121
155
190
124
181
186
248
186
208
124
187
155
151
155
169
124
174
155
160
155
120
155
98
155
126
186
143
124
165
155
203
186
206
155
147
155
149
155
147
155
175
155
175
155
196
155
165
186
123
218
168
155
126
124
151
155
153
155
176
155
155
155
151
155
180
155
142
155
89
155
154
186
124
155
232
155
186
186
158
155
161
155
121
155
118
186
127
218
198
124
122
155
159
155
179
155
184
155
139
155
141
155
174
186
168
155
97
155
151
155
161
93
161
186
127
186
111
186
110
124
161
155
93
155
156
155
186
155
142
155
159
186
137
155
229
218
223
186
155
155
227
155
130
155
114
186
215
155
164
155
127
186
140
186
183
155
165
155
116
124
193
155
161
155
196
186
153
155
122
155
120
155
147
155
171
186
224
124
120
93
148
155
191
155
157
155
152
155
164
155
219
186
96
155
132
155
117
124
87
155
108
186
154
155
136
124
175
155
161
155
140
155
177
124
156
155
168
155
172
155
147
155
169
155
190
155
152
155
100
155
113
186
177
155
178
155
154
186
144
124
154
155
146
186
187
155
194
155
160
155
147
155
127
93
145
155
154
155
146
155
194
155
131
186
149
155
182
218
118
155
112
155
207
218
112
218
92
155
169
155
155
155
166
155
140
155
204
124
140
155
132
155
121
93
124
186
147
155
185
155
158
186
82
155
160
124
150
155
130
155
144
186
206
186
164
155
146
155
123
186
186
155
93
155
145
155
168
155
185
155
151
93
161
186
137
186
214
155
131
186
160
155
159
155
146
155
228
186
114
155
143
155
144
124
151
186
154
155
166
155
191
155
145
186
144
186
157
155
149
155
171
155
109
124
139
186
141
155
208
155
142
155
117
186
172
155
160
155
146
186
154
124
152
155
156
93
142
155
162
124
160
155
181
155
187
155
145
155
160
124
121
155
133
155
160
155
139
155
154
155
126
155
162
155
143
155
144
186
144
155
207
155
144
155
111
155
191
155
117
155
151
155
199
155
133
186
189
186
198
186
116
124
127
155
135
93
171
155
125
186
158
155
146
155
167
155
189
155
235
155
128
155
160
155
154
155
94
155
88
124
145
186
168
155
190
155
123
155
165
155
123
155
136
124
115
155
186
124
178
155
130
124
146
124
123
155
204
124
124
93
110
155
196
155
137
155
138
155
133
155
125
155
86
155
165
155
144
124
155
155
158
155
153
155
167
124
190
93
139
155
140
155
204
155
172
155
152
155
156
186
123
155
109
186
119
155
123
155
195
186
186
124
166
124
139
155
135
186
189
186
165
186
180
155
132
155
199
155
174
155
151
155
166
155
162
155
145
155
179
155
117
93
170
124
212
186
211
155
114
155
154
155
170
155
179
186
186
155
85
93
153
155
186
155
165
155
176
155
143
186
128
186
145
124
190
186
226
155
178
155
109
155
135
155
137
186
193
124
124
155
141
155
192
186
132
124
140
155
146
155
179
124
157
155
171
155
189
124
179
124
176
186
151
155
159
155
218
155
211
155
158
155
141
155
161
155
129
124
165
155
128
155
138
155
150
155
147
155
165
155
202
155
147
124
137
124
122
155
154
155
158
186
118
155
147
155
182
124
166
155
142
155
115
155
114
155
128
186
171
186
63
155
151
155
108
155
144
124
133
218
141
155
129
155
183
155
220
186
163
186
181
218
203
155
143
124
113
155
102
155
182
155
172
155
140
124
131
124
119
155
158
124
144
155
174
155
170
155
206
155
107
155
148
155
152
124
154
124
185
155
151
124
158
186
155
186
156
155
157
155
121
155
161
155
118
155
232
155
186
155
126
155
163
124
151
155
148
186
191
155
183
155
194
155
109
155
168
155
173
155
151
155
148
186
130
155
117
155
118
155
154
155
124
155
179
155
164
124
175
155
165
155
130
155
191
124
165
155
142
155
144
155
177
124
165
155
168
124
180
155
146
124
120
124
156
155
98
93
151
124
100
186
178
155
174
93
114
155
160
155
172
155
199
155
163
186
182
155
105
155
129
186
167
155
166
155
132
186
126
124
81
155
148
155
182
155
221
124
242
155
196
155
233
186
146
186
123
155
168
124
155
155
123
155
111
186
133
155
135
155
167
155
99
155
122
155
192
155
154
155
153
155
157
186
175
155
146
155
174
155
148
186
128
186
134
155
106
124
159
155
122
155
63
93
140
155
170
155
191
155
125
155
152
155
167
155
158
155
161
155
147
186
158
218
154
155
120
155
159
155
134
186
147
155
127
155
150
124
96
155
132
186
157
155
228
155
166
186
212
186
163
186
168
124
161
155
103
155
107
186
142
155
126
186
129
155
141
155
164
124
198
155
122
155
127
186
165
155
179
186
151
155
168
155
119
155
177
155
144
155
130
155
186
93
161
155
109
155
120
93
172
155
123
155
159
155
149
155
113
155
150
124
172
155
154
155
108
186
153
155
144
155
128
155
150
155
172
155
151
186
105
155
215
93
151
155
182
186
157
155
197
155
165
124
157
155
175
155
163
155
140
124
116
155
105
155
216
155
167
155
126
155
179
155
190
186
136
155
167
155
130
155
161
218
146
186
174
155
104
155
151
155
188
124
136
155
230
218
175
155
194
155
161
186
144
155
182
155
188
155
175
155
156
186
161
155
137
155
154
155
202
155
131
155
209
155
154
155
190
124
184
155
148
155
175
155
158
186
134
186
222
155
111
124
182
155
166
186
192
218
143
124
146
155
138
155
130
124
186
155
150
155
126
155
220
155
127
186
145
124
156
155
203
124
140
186
119
186
217
155
178
155
158
155
175
186
166
124
107
155
133
124
168
124
189
155
148
186
146
124
154
155
179
186
149
155
174
155
177
155
146
155
137
155
157
93
174
155
83
155
150
155
144
124
156
155
109
155
160
186
137
155
164
155
168
155
178
124
116
186
118
155
102
155
159
186
167
155
142
155
212
155
192
124
110
186
161
155
126
155
186
124
186
155
179
155
231
155
198
186
152
155
184
186
188
155
112
155
213
155
124
155
154
155
158
155
196
155
134
155
159
155
94
155
175
155
180
124
139
124
168
124
182
124
173
155
184
155
191
155
138
186
151
155
109
218
167
124
208
124
126
155
183
155
174
155
90
124
163
155
177
155
137
155
141
155
218
124
158
155
146
155
124
155
179
186
141
155
150
155
134
155
174
155
158
155
201
155
154
155
162
155
118
124
125
155
182
155
141
155
151
155
140
155
136
155
175
155
196
155
105
155
171
155
130
155
133
186
163
155
153
155
150
124
105
155
174
124
177
186
126
186
123
155
181
155
143
155
140
155
90
155
166
155
116
155
179
155
147
124
164
155
153
124
170
186
174
155
137
124
196
186
154
155
127
155
193
124
139
155
134
186
205
155
203
186
138
155
130
155
165
155
148
155
145
186
165
155
164
155
99
155
126
155
159
155
176
155
166
124
193
155
150
155
80
155
162
155
162
186
159
155
189
155
165
155
154
155
247
155
210
155
140
218
161
155
191
186
154
124
141
155
130
155
209
155
123
155
130
155
144
155
165
155
132
124
111
155
204
155
158
155
175
186
169
155
163
155
176
155
141
155
111
155
140
124
164
155
140
124
94
186
193
155
189
155
196
155
86
124
114
155
156
186
181
155
162
155
151
249
137
155
197
124
169
218
172
124
162
155
172
155
175
155
150
155
161
155
127
218
181
155
174
93
137
155
175
186
201
155
161
124
186
155
186
155
109
155
162
155
193
186
174
186
188
155
182
124
109
155
175
155
86
186
211
155
75
155
87
186
180
186
127
155
143
155
151
155
174
124
162
124
161
186
199
155
148
186
148
155
151
155
126
186
235
186
189
124
156
155
165
155
164
155
131
155
152
218
97
186
147
186
133
155
205
155
163
155
120
155
182
155
177
155
187
155
121
218
197
155
192
155
174
186
141
155
150
155
134
155
209
186
161
155
115
124
137
124
225
186
182
124
100
155
154
155
164
155
111
124
157
155
145
155
124
155
172
155
96
155
146
124
140
155
154
186
142
124
138
155
216
155
175
155
160
93
172
155
184
155
161
155
154
155
132
155
158
155
149
155
163
155
181
155
175
155
114
186
151
186
181
155
68
155
222
155
151
155
179
218
218
155
152
155
168
155
139
155
143
93
133
155
239
186
151
124
109
155
155
155
173
155
167
186
166
155
135
155
159
186
134
155
193
124
172
155
171
155
147
155
125
155
161
218
174
124
179
155
127
155
141
155
168
155
172
186
141
155
214
155
183
155
152
218
158
155
152
155
166
155
101
155
134
124
167
218
162
155
134
155
138
186
146
218
151
186
158
155
100
218
176
124
137
155
117
124
174
155
197
124
102
186
179
155
114
155
131
155
141
155
189
155
127
124
144
155
137
155
116
124
139
155
166
124
150
155
173
155
148
124
186
186
170
155
162
155
105
155
179
218
184
186
160
124
124
186
216
155
151
155
131
124
145
155
155
155
228
124
217
155
129
124
102
186
166
155
114
155
158
155
147
124
142
155
186
155
173
124
155
155
159
155
165
155
191
186
166
155
161
218
137
155
207
155
165
155
124
155
109
155
140
186
190
155
137
155
186
155
115
186
175
124
167
155
217
155
106
155
98
155
133
155
183
93
165
155
140
155
154
155
181
155
164
155
177
155
134
186
149
124
186
155
148
155
178
155
176
124
138
124
158
155
172
155
165
155
172
155
231
155
113
155
183
155
195
155
161
186
176
155
126
186
123
155
181
124
74
218
165
155
185
155
185
155
203
155
235
155
144
155
151
155
125
124
107
155
139
186
130
155
130
155
97
155
174
155
70
155
154
124
193
124
102
155
125
155
137
155
88
186
168
155
138
155
99
155
132
155
166
155
201
155
151
124
127
155
176
124
144
155
116
155
157
155
154
155
179
155
151
186
109
124
147
155
203
93
96
186
162
155
176
155
189
155
214
155
140
155
156
124
144
155
115
124
213
155
151
124
186
155
182
155
151
186
117
186
166
155
133
155
204
155
179
124
172
218
109
155
184
155
176
124
176
155
197
155
171
186
109
155
136
155
183
155
127
155
172
124
123
155
155
155
158
124
172
186
209
155
109
155
175
155
210
155
180
124
141
155
189
124
175
186
143
186
196
155
109
155
186
155
102
186
161
155
135
155
129
124
151
155
168
124
189
155
193
186
158
155
146
186
130
155
218
155
108
155
137
155
142
155
179
124
176
93
140
155
157
155
217
155
151
155
140
155
122
155
158
124
158
155
105
186
111
155
126
155
122
155
168
124
177
124
137
155
147
155
200
155
123
155
165
186
98
93
155
186
155
124
138
155
161
124
161
155
172
186
139
155
182
155
139
124
144
155
232
155
194
155
164
124
188
155
147
155
144
186
168
155
164
155
179
155
165
124
98
124
86
124
133
155
155
155
189
155
119
155
91
155
161
186
121
186
182
155
83
155
125
124
162
155
136
124
109
218
73
155
147
155
161
155
171
186
163
155
130
155
214
186
173
155
184
155
171
155
162
155
141
155
144
155
137
155
218
155
146
186
160
186
130
155
133
186
154
155
219
155
108
155
73
155
226
186
129
155
133
155
103
155
117
155
158
186
115
155
165
124
147
155
130
155
219
155
187
124
196
155
104
155
164
155
160
155
161
124
148
155
178
155
245
124
214
155
151
155
70
155
160
155
154
155
143
124
216
155
189
155
154
186
187
155
145
155
158
155
116
186
126
155
204
186
138
155
171
155
144
124
122
155
112
186
161
155
133
155
91
186
124
155
158
155
134
155
147
124
194
155
193
155
162
155
139
155
81
155
156
155
154
155
188
186
165
124
180
186
175
155
182
155
188
186
170
155
147
155
157
186
134
155
168
155
157
155
138
155
126
155
122
186
140
186
173
124
147
155
169
155
130
155
172
155
164
155
155
155
147
155
186
155
152
124
137
155
103
155
141
155
139
155
181
155
179
155
143
186
181
155
190
155
137
155
169
155
151
124
190
155
156
155
193
186
181
155
175
186
188
155
147
155
162
186
130
155
155
93
162
93
157
155
226
155
121
186
171
155
222
186
164
218
147
124
138
124
221
124
144
155
186
155
152
155
108
124
152
155
148
155
143
186
182
218
180
155
138
93
119
155
158
186
189
155
128
155
131
155
160
124
144
155
143
155
200
155
158
93
140
155
211
186
195
124
204
218
181
186
148
186
186
186
170
186
109
124
155
124
193
155
186
155
134
155
224
155
173
155
171
155
203
155
215
155
193
124
136
155
121
155
161
155
156
155
144
155
163
155
146
155
143
186
133
155
202
186
165
124
151
155
154
155
149
155
172
124
161
155
121
155
132
155
187
155
148
155
133
186
176
155
193
155
153
155
96
124
195
155
154
155
90
155
158
155
156
186
153
186
144
155
137
155
194
155
172
186
186
124
105
155
158
124
137
155
151
124
139
155
131
155
157
155
145
186
168
155
144
155
112
155
148
155
155
155
191
155
123
124
201
155
154
155
92
155
167
155
169
218
163
186
179
186
168
155
196
93
110
155
123
155
87
155
138
155
127
155
151
186
193
155
76
155
150
155
167
155
204
155
183
155
163
155
144
155
96
155
91
155
134
124
171
155
169
155
163
155
193
155
133
155
157
155
131
93
77
155
130
155
161
155
182
155
132
155
155
124
72
155
164
155
207
155
175
155
119
124
149
155
179
155
100
249
117
155
162
155
171
155
116
124
172
155
155
155
115
124
125
155
151
155
147
155
178
186
137
186
156
124
170
155
125
186
124
124
139
155
123
155
171
124
168
155
205
155
125
155
105
186
189
155
137
155
102
155
204
124
130
124
87
186
193
218
170
124
188
155
173
155
151
155
182
155
222
155
196
155
182
124
166
155
141
186
174
124
194
155
187
155
178
155
70
186
186
124
121
155
170
155
168
155
165
155
147
155
146
124
143
124
167
155
90
155
172
155
133
155
168
186
180
155
132
155
165
218
144
186
163
186
144
155
170
155
151
186
176
155
179
155
145
155
128
155
136
155
119
186
134
155
108
155
151
186
225
155
186
155
200
155
171
155
146
155
154
124
124
155
168
155
140
155
173
155
143
155
122
155
234
186
186
155
105
155
165
155
124
155
164
124
190
155
95
93
147
186
161
155
167
155
140
186
152
155
136
124
106
155
218
155
175
155
140
186
159
155
91
155
130
155
105
155
200
186
112
155
161
186
128
155
109
155
128
155
96
124
119
155
104
124
95
155
128
155
141
155
211
155
129
218
95
155
150
186
81
155
112
186
140
155
189
155
179
155
161
124
188
155
161
155
154
155
159
155
128
124
185
155
164
155
173
124
168
155
180
186
131
155
169
155
175
155
69
155
177
155
115
155
124
155
170
155
92
155
161
124
168
155
111
93
129
155
138
155
132
155
163
186
229
155
152
155
136
155
205
124
109
186
179
155
126
155
166
93
117
155
212
155
148
186
233
155
156
155
211
186
144
155
182
155
108
155
194
155
115
155
126
124
163
155
120
155
202
124
126
155
193
155
135
155
182
186
136
155
175
155
162
155
226
155
165
155
130
155
161
124
161
155
126
155
147
155
126
155
149
155
128
155
177
186
186
186
189
155
114
155
124
155
187
155
179
186
168
124
167
186
154
155
176
155
94
155
88
155
136
124
144
155
138
124
102
186
164
124
137
155
81
155
186
155
100
93
144
124
166
186
132
155
102
155
125
124
168
186
156
155
144
155
126
155
168
186
150
124
185
155
273
186
146
124
161
186
166
155
223
155
214
155
157
155
149
124
162
155
126
186
95
155
120
124
181
155
164
124
142
124
122
155
179
186
192
155
128
124
168
155
144
124
163
155
161
155
119
93
129
186
162
155
151
124
150
155
235
124
141
124
112
155
130
155
127
155
137
186
158
155
186
155
160
155
84
155
77
155
142
155
202
155
148
155
119
124
139
218
144
155
160
155
118
155
139
124
130
186
196
124
151
155
183
155
177
155
165
93
154
155
175
155
168
155
138
155
158
155
136
124
130
186
127
155
159
155
120
186
127
155
168
186
159
155
246
155
199
155
186
186
138
186
122
155
169
155
119
93
112
155
158
218
115
155
200
186
122
155
147
186
124
186
133
155
199
155
151
155
167
155
136
155
185
124
186
93
170
186
176
186
151
155
146
155
165
186
168
155
137
155
146
155
126
155
125
155
161
124
166
155
169
155
134
155
160
155
119
155
204
155
151
155
104
155
177
124
98
155
151
155
186
124
170
186
172
124
189
155
130
186
65
155
140
124
147
155
101
124
200
124
155
155
172
155
120
155
143
186
184
155
150
155
194
124
164
155
214
155
152
155
232
186
159
124
140
155
154
155
166
155
193
155
142
155
152
124
155
155
164
186
128
124
141
155
165
155
142
155
170
155
158
186
154
155
161
155
182
155
157
155
141
155
189
155
157
155
163
155
139
155
158
155
144
155
200
155
122
155
157
155
142
155
132
155
157
155
186
155
182
186
144
186
200
155
169
186
130
155
144
186
191
155
166
155
136
155
145
155
144
124
166
155
139
155
172
155
163
124
193
155
179
155
114
155
176
155
130
155
129
186
154
155
198
155
135
155
131
124
185
93
130
155
151
155
161
155
119
155
156
155
133
186
183
124
168
93
156
155
147
93
158
218
129
124
147
186
164
155
180
155
135
155
145
186
172
93
183
155
148
155
213
155
155
155
160
186
185
93
138
155
173
124
107
124
147
155
217
155
144
124
117
155
132
124
163
155
181
155
195
155
137
186
63
186
196
155
147
186
114
155
151
155
108
93
172
155
204
155
191
155
147
186
177
155
102
155
177
155
141
155
133
155
168
155
154
218
190
155
112
186
146
155
151
155
119
155
131
155
137
155
157
155
137
155
137
155
187
155
189
155
144
155
137
155
159
155
159
155
158
124
142
218
200
155
163
155
212
155
147
155
112
186
157
155
147
155
104
155
160
124
129
155
164
155
159
155
128
124
170
186
193
155
176
186
207
155
196
155
153
155
137
155
133
155
147
155
183
155
122
155
154
124
182
155
121
186
148
155
108
186
128
155
136
93
179
218
115
186
146
155
197
124
110
155
128
155
207
155
188
186
193
155
141
155
141
218
162
186
168
155
144
186
143
155
133
155
158
218
84
186
166
155
154
155
172
155
208
124
185
155
106
155
167
155
114
155
201
186
152
186
151
186
149
155
166
93
119
155
186
218
133
124
192
155
128
186
181
155
137
155
98
124
154
155
188
155
232
155
155
155
158
155
126
155
151
186
145
155
161
155
173
155
166
186
179
155
158
124
137
155
205
155
172
124
137
124
110
155
160
155
140
124
218
155
67
155
131
124
159
155
144
155
217
155
172
155
154
155
193
186
169
155
173
186
130
155
219
155
174
155
116
186
150
155
154
186
144
155
136
155
175
155
189
155
70
155
109
124
234
155
140
155
182
155
168
155
111
155
163
155
133
155
126
186
166
186
130
155
155
124
148
155
120
155
148
155
160
155
109
155
124
155
140
155
170
155
161
218
154
218
170
186
151
155
175
155
168
124
116
155
137
155
117
155
158
124
135
155
191
155
113
155
133
155
133
155
103
155
135
155
154
155
156
155
158
155
114
218
113
186
114
155
141
155
137
124
129
155
132
155
138
155
175
124
145
155
136
155
176
155
119
155
175
155
98
93
147
155
137
155
167
124
123
155
137
155
135
155
193
124
138
124
178
186
139
186
157
155
204
155
134
124
179
155
121
155
119
155
165
93
182
155
157
155
118
124
154
155
166
155
181
124
144
155
161
124
172
155
171
93
130
155
144
155
151
155
170
155
113
155
187
124
111
155
129
155
162
155
137
155
145
155
168
155
103
155
149
155
155
124
94
155
156
186
154
186
137
155
126
155
174
124
178
155
140
186
165
186
178
155
184
155
147
155
138
186
121
186
111
124
147
155
145
155
212
155
180
155
137
155
186
155
106
124
126
155
168
186
153
186
171
155
174
155
154
155
161
186
197
155
137
155
148
155
96
93
196
155
170
218
101
186
123
186
145
155
161
155
192
155
212
155
151
155
122
186
137
155
131
155
158
124
159
186
203
155
119
155
137
155
156
155
140
155
168
155
156
155
131
